The Overdrive II
                1000000 74      243     0       2       10      598     320     Probably the biggest gateway ever.
cpu              20  57      55  57      90  57     125  57     160  57     195  57     230  57     265  57     300  57     335  57     370  57     405  57     440  57     475  57     510  57     545  57
                 20  92      55  92      90  92     125  92     160  92     195  92     230  92     265  92     300  92     335  92     370  92     405  92     440  92     475  92     510  92     545  92
                 20 127      55 127      90 127     125 127     160 127     195 127     230 127     265 127     300 127     335 127     370 127     405 127     440 127     475 127     510 127     545 127
                 20 162      55 162      90 162     125 162     160 162     195 162     265 162     300 162     370 162     405 162     440 162     475 162     510 162     545 162
                 20 197      55 197      90 197     125 197     160 197     195 197     370 197     405 197     440 197     475 197     510 197     545 197
mem               1   1      14   1      27   1      40   1      53   1      66   1      79   1      92   1     105   1     118   1     131   1     144   1     157   1     170   1     183   1     196   1     209   1     222   1     235   1     248   1     261   1     274   1     287   1     300   1     313   1
                326   1     339   1     352   1     365   1     378   1     391   1     404   1     417   1     430   1     443   1     456   1     469   1     482   1     495   1     508   1     521   1     534   1     547   1     560   1     573   1     586   1
                  1  29      14  29      27  29      40  29      53  29      66  29      79  29      92  29     105  29     118  29     131  29     144  29     157  29     170  29     183  29     196  29     209  29     222  29     235  29     248  29     261  29     274  29     287  29     300  29     313  29
                326  29     339  29     352  29     365  29     378  29     391  29     404  29     417  29     430  29     443  29     456  29     469  29     482  29     495  29     508  29     521  29     534  29     547  29     560  29     573  29     586  29
                  1  57     586  57
                  1  85     586  85
                  1 113     586 113
                  1 141     586 141
                  1 169     586 169
                  1 197     586 197
                248 210     261 210     274 210     287 210     300 210     313 210     326 210     339 210
                 53 238      66 238      79 238      92 238     105 238     118 238     131 238     144 238     157 238     170 238     183 238     196 238     209 238     222 238     235 238     248 238     261 238     274 238     287 238     300 238     313 238
                326 238     339 238     352 238     365 238     378 238     391 238     404 238     417 238     430 238     443 238     456 238     469 238     482 238     495 238     508 238     521 238     534 238     547 238
                  1 266      14 266      27 266      40 266      53 266      66 266      79 266      92 266     105 266     118 266     131 266     144 266     157 266     170 266     183 266     196 266     209 266     222 266     235 266     248 266     261 266     274 266     287 266     300 266     313 266
                326 266     339 266     352 266     365 266     378 266     391 266     404 266     417 266     430 266     443 266     456 266     469 266     482 266     495 266     508 266     521 266     534 266     547 266     560 266     573 266     586 266
                  1 294      14 294      27 294      40 294      53 294      66 294      79 294      92 294     105 294     118 294     131 294     144 294     157 294     170 294     183 294     196 294     209 294     222 294     235 294     248 294     261 294     274 294     287 294     300 294     313 294
                326 294     339 294     352 294     365 294     378 294     391 294     404 294     417 294     430 294     443 294     456 294     469 294     482 294     495 294     508 294     521 294     534 294     547 294     560 294     573 294     586 294

sec             230 162     335 162
modem             0 238
power           558 231